44929
149024
254125
392774
474511
497252
534995
601357
665225
677355
683436
744356
751186
882272
961157
966928
1018053
1159473
1249572
1292811
1318196
1388764
1412847
1436315
1466191
1518975
1614515
1733974
1765314
1826138
1847330
1882089
1913288
2040713
2041850
2079989
2090260
2126995
2195488
2218251
2249472
2250342
2275113
2357262
2386830
2428386
2444704
2469264
2478678
2507417
2548279
2570064
2582902
2596964
2610050
2620927
2645093
2651086
2695432
2715365
2717127
2725433
2789284
2806054
2816067
2828374
2859638
2872599
2902445
2917078
2920313
2939218
2943504
2943543
2957394
2964992
2969390
3008121
3071089
3071238
3081500
3099136
3108316
3116859
3240891
3249551
3262332
3272737
3274178
3302187
3325489
3335713
3356428
3380093
3494734
3498839
3524936
3524993
3542726
3546901
3552233
3568708
3570200
3588051
3594498
3596600
3598644
3599017
3600943
3605083
3636883
3653988
3657712
3677716
3702481
3718138
3720964
3724521
3737938
3738234
3755358
3766838
3791024
3799711
3816369
3818623
3818818
3822053
3822770
3842166
3858983
3865476
3876175
3877161
3879278
3885484
3894499
3915090
3934352
3943556
3945292
4025404
4071765
4079501
4095654
4125082
4186928
4220413
4223892
4226381
4242051
4251045
4261595
4275163
4290719
4292510
4314137
4325807
4327723
4381554
4409046
4418592
4437190
4446210
4448700
4506991
4508057
4521233
4531055
4550111
4551490
4564966
4572154
4588219
4589585
4594601
4601131
4609462
4611635
4628724
4642073
4650857
4651233
4655441
4689306
4702366
4733355
4750230
4750285
4767537
4768026
4771580
4771635
4781581
4797385
4800226
4800407
4826670
4837112
4842274
4853719
4856881
4859948
4890705
4900426
4924389
4940833
4955073
4955701
4960030
5031647
5034828
5054123
5062551
5067401
5068539
5072726
5083462
5091135
5104176
5106537
5107483
5112603
5135494
5145872
5146297
5158628
5161349
5168125
5195680
5205669
5213620
5217799
5222745
5229847
5255561
5269891
5273678
5283857
5287679
5295734
5298552
5317151
5318641
5324670
5375350
5393712
5394219
5412434
5424366
5451852
5472394
5476426
5483921
5490244
5513021
5528257
5542886
5548450
5575080
5575379
5579811
5593852
5603629
5604648
5608272
5608649
5626861
5634082
5641289
5641998
5644998
5646047
5674868
5694932
5716106
5720955
5743499
5754327
5755362
5763367
5766312
5767724
5767885
5774458
5787489
5793882
5809084
5817828
5820395
5821095
5825492
5830797
5832700
5839575
5840866
5844222
5851006
5854088
5854092
5861913
5865940
5866369
5891489
5894863
5896869
5898775
5915658
5921834
5937334
5937476
5938099
5954729
5957267
5958670
5960720
5971062
5971215
5981669
6016156
6020862
6020936
6046091
6046511
6047399
6047491
6059938
6070905
6076602
6090290
6106269
6114508
6122793
6137285
6144002
6149468
6151653
6159218
6164465
6179829
6187615
6195960
6200410
6201251
6226497
6240278
6241366
6242652
6244601
6263952
6269887
6274060
6288947
6294854
6297220
6298679
6301595
6314700
6318031
6319096
6343899
6344678
6350365
6368854
6371544
6376725
6389074
6407026
6414456
6417083
6418560
6430271
6432327
6445719
6448051
6449801
6452330
6461714
6470567
6477907
6480395
6490853
6493347
6500496
6503398
6514248
6516297
6517020
6520251
6529730
6536218
6553620
6577234
6581141
6586683
6589658
6609304
6618149
6618516
6629940
6646293
6649841
6657351
6659181
6679343
6696391
6696779
6699999
6708018
6725155
6730976
6754841
6759268
6780403
6783785
6787633
6802656
6805036
6805376
6806850
6811715
6821790
6822133
6826544
6834849
6840273
6844565
6848780
6850619
6858505
6867144
6884213
6885719
6891587
6894622
6898101
6907175
6919606
6926030
6926224
6946143
6956488
6962716
6965750
7000999
7014055
7019889
7028247
7039945
7041769
7058218
7081966
7085716
7101010
7115007
7119586
7131555
7152470
7170236
7170941
7173408
7177544
7191528
7197998
7217037
7219963
7220586
7223769
7241250
7242543
7245000
7246373
7246546
7253907
7257010
7258351
7261726
7263816
7277072
7279841
7284438
7286453
7286539
7308139
7314011
7325548
7330889
7351649
7358126
7372452
7373451
7387523
7406041
7424946
7439297
7446443
7463474
7463576
7472908
7475471
7478529
7493512
7516043
7528458
7531387
7534481
7537819
7541868
7552466
7568607
7584476
7595351
7595379
7615370
7619851
7628650
7631528
7634843
7661801
7668102
7691333
7714130
7726154
7726717
7726986
7733984
7737567
7748385
7750933
7759051
7778365
7783717
7788436
7831928
7835927
7838813
7839611
7844055
7850651
7856619
7857568
7866213
7873861
7881158
7882098
7893736
7900034
7914472
7922778
7932941
7934805
7936253
7954098
7954294
7955334
7955577
7961032
7967872
7980998
7993537
8006484
8014641
8023384
8023498
8039618
8056787
8057121
8057713
8071714
8075103
8093676
8096462
8110161
8110966
8136932
8140725
8141230
8141483
8154181
8154510
8162170
8164499
8166120
8167716
8170972
8171919
8178014
8180960
8182184
8182517
8184155
8187354
8187730
8197033
8218062
8224878
8233984
8242630
8249771
8252825
8254107
8269440
8295061
8300893
8304575
8312426
8322296
8338943
8341974
8347957
8349029
8353857
8360089
8386441
8394795
8398616
8406197
8421896
8440211
8444369
8446972
8454575
8462874
8469859
8473983
8506956
8516773
8534990
8566167
8581456
8598879
8600397
8601439
8607390
8615159
8620418
8622158
8626322
8632755
8634905
8635421
8642160
8645015
8651612
8651935
8653703
8654265
8656030
8659106
8669008
8672819
8675354
8690419
8707655
8712208
8719610
8754995
8756588
8762998
8769923
8789183
8805209
8812024
8815214
8817529
8823475
8828153
8830040
8831139
8832553
8847831
8848147
8851683
8870112
8878895
8881753
8889988
8892487
8893628
8913387
8931913
8934284
8947683
8958324
8963873
8967651
8982882
8986985
8990098
9006056
9007322
9007775
9013594
9020211
9028194
9034544
9070587
9076446
9079341
9087588
9109032
9125652
9128250
9130175
9156959
9168506
9182512
9193201
9218499
9219088
9221317
9229389
9239565
9243148
9251361
9262450
9263796
9276504
9309729
9315798
9317415
9319298
9323295
9330787
9339907
9340793
9348023
9357521
9371804
9378055
9391218
9392202
9396022
9397510
9398439
9418776
9443475
9467224
9468425
9474629
9487437
9501207
9501659
9503149
9510668
9522094
9522522
9527179
9542057
9546680
9557813
9561307
9598637
9604127
9606674
9618537
9628193
9638307
9641080
9660616
9661447
9682400
9696037
9698265
9704401
9706839
9735219
9741498
9748466
9774099
9791108
9791609
9791875
9793022
9801961
9821080
9823893
9825868
9843565
9856625
9858559
9874913
9879856
9883380
9886615
9892192
9894344
9906766
9913883
9943508
9947344
9955386
9956997
9957848
10047301
10056737
10080408
10085554
10125533
10140743
10141558
10155341
10159024
10161741
10163892
10166007
10166388
10173384
10184842
10196905
10216799
10221288
10223655
10226319
10228718
10234327
10247765
10249653
10250305
10250637
10300316
10311380
10312368
10337651
10337659
10338954
10341043
10341785
10346791
10363042
10364111
10384266
10390572
10398285
10398597
10402713
10413533
10416577
10420112
10424697
10429852
10430032
10445868
10458167
10458801
10460615
10465101
10465481
10482031
10483438
10505318
10513966
10538460
10543994
10544316
10547153
10547725
10547941
10551363
10569374
10571117
10593975
10595718
10595753
10610328
10611432
10612463
10627400
10632194
10634745
10635219
10636263
10643343
10645166
10652099
10658288
10662315
10668174
10668637
10671131
10675152
10690129
10691061
10701323
10732907
10737014
10742408
10761815
10768529
10770480
10774847
10781651
10781963
10784643
10787537
10827094
10828491
10848233
10853846
10857192
10867399
10872202
10872938
10875635
10876705
10879783
10884260
10893759
10914843
10916513
10943984
10945308
10963056
10970442
11015713
11016124
11017979
11059073
11074077
11077430
11090669
11091046
11092679
11093410
11096178
11096375
11096499
11100149
11101660
11111957
11117521
11117836
11139472
11160906
11170996
11174112
11175486
11179663
11183099
11207064
11210600
11221030
11227650
11229886
11258320
11259763
11264088
11265852
11271262
11272368
11283334
11285051
11296155
11302599
11307223
11312587
11317833
11327820
11332380
11340725
11349108
11350295
11350672
11359063
11361549
11369252
11381146
11396912
11397691
11398959
11406446
11431295
11432515
11432562
11453849
11469472
11510927
11511849
11518242
11524801
11530125
11540024
11548458
11550146
11582568
11583388
11598148
11602128
11609082
11624335
11634415
11644257
11653157
11654885
11656175
11660529
11671978
11681540
11686934
11695021
11695591
11699449
11705053
11707060
11722669
11725420
11726231
11726237
11734782
11737039
11749078
11751147
11759492
11764473
11772236
11774669
11778302
11792455
11798838
11810823
11827813
11839153
11862120
11874492
11879606
11885346
11888909
11901653
11908054
11912723
11917141
11922439
11923561
11927356
11954760
11969563
11971732
11976881
11978512
11979524
11994244
11995862
11997025
12000859
12012740
12019343
12043425
12044966
12047261
12055917
12058385
12059751
12074401
12076155
12080943
12084282
12088809
12091508
12109245
12109693
12110146
12123299
12125664
12139301
12143487
12154552
12167806
12175254
12189622
12192409
12214746
12220841
12226682
12252677
12272297
12282186
12283083
12286347
12301579
12318398
12373116
12377770
12378166
12391097
12398132
12403101
12408234
12411914
12412246
12423938
12424889
12452383
12462763
12477222
12477487
12484361
12486129
12486736
12499243
12546255
12554331
12556168
12575903
12576567
12590321
12597406
12604240
12609099
12610007
12611680
12614499
12615846
12616205
12618486
12631601
12640080
12662574
12671173
12682252
12685450
12686569
12714397
12717593
12718086
12723453
12735791
12748470
12751591
12757840
12762732
12767605
12774272
12793834
12803703
12811724
12822735
12832915
12853980
12879718
12918758
12921086
12932837
12953431
12956032
12958137
12959032
12959916
12960252
12967175
12976427
12985143
13010653
13018638
13037418
13041915
13043783
13045613
13061980
13071957
13075196
13095703
13108184
13114467
13137384
13141320
13168929
13169947
13181044
13184194
13186758
13187623
13197887
13218786
13261531
13262639
13275566
13296381
13297254
13326938
13336740
13343368
13362434
13376250
13380719
13383107
13391914
13395672
13401556
13413825
13418043
13439634
13442093
13442339
13444628
13449743
13458774
13466020
13466986
13468325
13476582
13480772
13484460
13506541
13523157
13523600
13524334
13525927
13539673
13540332
13560141
13570115
13577788
13599509
13614581
13615667
13623460
13627201
13630360
13631805
13631970
13632894
13638746
13648943
13650907
13671537
13680526
13695650
13701234
13715644
13717885
13722507
13753564
13768715
13772597
13782512
13798088
13803154
13814550
13814997
13826727
13827736
13830212
13840569
13850611
13870501
13872348
13905599
13906816
13911492
13931488
13942739
13953686
13954810
13961240
13961590
13989936
13994914
14006025
14008774
14031948
14035782
14038882
14072929
14077284
14079771
14085142
14093465
14097696
14098345
14101326
14103852
14109975
14112317
14117159
14124791
14143886
14145595
14146413
14161561
14168571
14168645
14205368
14227302
14231781
14244729
14255458
14262452
14276069
14283006
14296395
14297266
14298936
14304945
14317816
14328158
14340625
14365144
14366088
14394501
14403760
14406549
14413764
14425820
14439304
14441820
14450280
14454647
14467592
14469735
14473927
14501740
14505727
14513996
14520762
14532366
14534268
14538918
14538969
14547220
14551752
14556387
14558588
14572209
14599148
14606856
14643422
14645373
14667975
14673456
14675969
14691818
14699675
14709437
14714482
14714896
14718921
14722285
14743348
14786546
14789244
14802671
14803678
14814264
14821892
14830602
14853898
14856306
14857424
14868421
14870015
14871880
14873314
14874260
14879220
14899716
14906026
14908418
14910779
14912149
14923335
14927913
14929399
14931419
14938161
14946098
14953696
14962515
14963543
14963589
14972023
15027914
15032989
15047451
15048179
15049111
15054990
15054991
15062996
15117340
15118372
15132965
15133692
15136193
15162508
15178614
15184946
15216384
15225008
15232380
15241767
15248720
15265661
15270541
15277658
15279510
15280151
15287994
15295687
15299636
15302810
15308591
15308719
15310011
15317921
15335026
15351091
15405051
15409245
15409499
15412728
15415418
15434294
15437209
15444409
15444849
15447925
15452763
15456212
15457319
15458794
15464381
15530336
15561256
15567910
15572410
15579638
15599924
15602653
15611995
15632259
15636392
15647106
15653508
15659740
15661763
15664191
15669397
15681987
15697099
15700762
15702315
15707987
15710415
15717664
15728791
15730441
15747155
15767814
15768073
15781019
15781629
15794639
15801386
15812179
15836425
15861072
15863663
15864436
15866192
15867270
15880268
15891638
15905579
15915906
15917425
15931919
15932918
15937796
15941091
15947278
15957178
15978789
15978999
15982459
15984915
15989174
16011611
16018723
16028997
16030988
16032176
16036476
16039079
16046992
16063561
16101580
16102391
16109346
16109746
16119675
16123666
16137000
16147097
16153884
16160012
16163719
16164742
16166496
16179854
16182953
16186417
16198710
16210614
16213355
16232123
16232738
16237958
16241459
16244636
16247600
16254654
16262315
16262610
16262892
16267145
16284222
16289183
16302372
16338915
16339930
16362933
16367151
16369300
16370328
16375107
16397897
16399444
16426653
16427552
16434226
16445165
16445860
16448123
16456837
16459874
16460006
16474009
16478187
16485642
16505806
16507759
16514016
16540051
16548556
16581959
16591919
16596376
16597820
16605077
16617875
16642314
16668157
16673918
16678938
16679866
16689245
16711972
16751925
16762158
16784086
16795905
16798685
16805258
16817062
16834531
16864011
16877080
16887371
16894631
16898998
16915331
16915754
16929402
16953687
16961344
16964596
16966984
16968056
16971096
16974515
17030172
17036575
17045779
17056115
17070204
17073392
17086706
17100907
17108993
17111530
17129612
17133142
17138516
17152514
17161460
17170122
17174756
17176934
17177088
17183329
17225998
17235002
17237594
17245546
17247411
17273277
17275170
17313598
17315487
17324719
17339343
17355999
17359152
17364290
17373119
17396550
17398282
17400050
17409431
17412866
17423341
17429021
17430355
17433891
17472782
17477486
17486868
17488457
17517053
17519557
17520697
17524473
17524879
17532774
17534250
17535407
17556639
17574399
17578781
17591929
17616141
17634462
17635517
17653644
17654605
17661196
17665429
17674176
17675503
17697527
17715450
17717607
17737306
17741218
17760825
17786388
17788900
17805895
17821997
17841428
17847533
17891296
17912377
17926212
17940483
17945794
17959689
17962453
17964681
18005381
18032774
18070767
18120976
18131432
18133141
18134587
18138205
18141228
18155370
18162536
18166700
18209161
18211520
18259956
18260083
18261696
18272831
18279017
18280492
18288212
18288436
18298973
18321328
18326896
18332303
18345494
18347294
18347429
18347587
18355556
18360158
18387407
18394624
18400162
18416448
18430343
18439867
18446048
18465687
18470175
18493324
18502833
18504300
18510507
18514552
18515022
18523126
18525975
18532719
18533911
18552607
18559687
18567873
18580309
18580566
18581821
18584394
18594824
18605670
18606014
18617671
18670012
18737400
18739305
18743198
18755673
18760564
18761204
18761474
18797218
18824659
18833443
18848407
18849416
18850716
18859829
18881153
18883706
18883765
18884482
18904127
18908379
18939362
19018685
19025125
19046636
19048898
19072951
19080661
19084695
19088595
19099856
19102455
19114804
19130178
19144879
19146567
19147076
19151254
19152641
19155409
19157361
19171378
19188550
19210258
19220296
19227657
19244944
19261099
19280111
19289061
19290549
19302170
19326375
19344046
19369592
19384698
19385944
19419761
19421869
19423360
19429311
19451712
19458665
19469834
19470596
19494164
19496843
19521218
19521313
19524956
19532441
19553290
19555668
19555764
19560417
19575500
19587287
19619508
19621685
19634751
19637354
19637541
19645376
19656063
19671823
19676015
19689864
19703345
19711504
19731228
19731445
19737979
19795904
19817480
19821096
19862836
19882211
19891272
19894771
19913849
19914376
19914961
19916693
19920472
19928185
20000938
20021624
20097252
20107914
20112830
20147884
20153840
20162287
20166287
20171136
20174285
20208224
20210350
20247051
20278441
20305498
20323350
20327147
20340883
20351259
20358982
20383917
20385334
20400481
20408148
20415824
20416156
20428301
20429200
20465435
20482311
20489873
20490741
20511889
20526305
20577243
20580649
20593025
20597126
20623624
20633449
20653085
20666399
20685793
20740925
20742445
20762658
20772427
20775960
20777211
20811845
20831413
20846870
20846976
20851951
20857706
20877966
20903529
20906467
20929719
20958485
21025946
21026432
21031732
21033915
21039599
21052098
21055519
21059699
21065496
21072092
21077716
21089073
21096283
21096398
21118125
21130700
21169394
21215644
21244101
21253252
21262430
21275026
21280060
21285917
21299343
21328461
21334057
21338118
21353990
21358297
21359158
21364309
21371125
21376597
21379091
21410018
21466087
21476655
21481348
21503558
21503994
21504801
21517382
21534229
21543320
21543349
21546476
21566118
21587860
21603776
21614284
21619772
21619881
21623078
21624035
21635354
21672522
21700850
21727995
21759856
21761617
21774940
21775958
21777725
21792724
21826962
21828255
21838938
21864348
21867573
21871361
21878922
21897510
21897731
21903827
21922431
21923698
21929283
21932525
22018311
22035480
22043638
22047831
22052118
22089814
22098083
22106461
22126849
22128827
22177204
22178911
22183030
22183498
22233361
22246578
22250274
22279736
22293775
22310223
22342452
22377727
22393103
22422672
22444908
22449883
22494752
22530891
22537553
22541934
22547451
22547760
22549714
22563694
22567367
22583764
22584905
22605396
22606781
22619805
22652131
22688953
22708417
22738182
22768165
22794466
22812512
22820576
22828748
22844703
22891434
22907690
22912199
22912526
22933431
22940416
23006147
23050109
23054665
23057640
23069843
23161250
23166638
23190038
23215489
23217150
23217535
23219190
23244578
23250868
23259165
23268589
23269057
23286116
23313760
23334479
23339748
23344619
23362661
23386455
23389158
23409568
23419393
23468599
23472654
23480827
23503796
23509778
23512924
23552501
23553846
23570104
23582345
23588885
23591052
23595070
23607993
23624350
23638509
23673679
23712361
23715646
23731149
23733606
23743251
23770369
23771157
23794378
23795266
23807615
23841282
23841300
23848729
23859549
23862271
23877894
23880758
23889600
23892971
23897775
23898038
23901202
23935745
23971139
23980166
24012597
24030324
24040978
24049161
24056551
24060881
24113613
24130958
24136856
24215496
24221503
24226432
24301556
24326245
24349755
24398769
24426824
24463993
24484279
24505155
24509635
24515940
24543008
24550217
24561432
24605369
24606391
24614602
24624305
24650136
24711551
24719633
24726273
24730043
24742233
24767775
24777869
24815994
24848372
24854133
24861593
24897070
24983383
25022764
25024919
25026011
25034745
25037664
25042709
25089244
25103278
25155718
25172336
25182504
25191917
25192707
25216621
25217331
25249948
25281642
25306732
25344415
25366630
25384321
25394945
25414663
25436253
25436868
25442006
25442068
25477812
25480048
25494515
25529094
25533711
25558591
25571807
25618051
25624017
25652736
25691450
25692293
25694362
25696266
25700042
25710408
25713255
25722076
25722330
25777443
25798918
25804061
25837910
25856048
25885176
25922241
25955997
25961805
26008842
26011300
26043301
26044857
26051118
26081293
26095694
26109482
26159685
26213957
26233990
26250650
26265311
26287978
26311924
26314174
26318728
26342294
26363242
26394279
26395609
26398904
26499917
26506708
26508443
26513709
26517951
26538358
26546350
26552162
26562666
26569712
26578575
26578940
26583106
26583588
26592959
26595339
26602018
26629930
26645659
26659332
26698003
26716012
26739228
26773047
26774308
26781288
26784930
26790836
26803759
26805212
26811475
26812262
26834818
26863281
26873257
26879348
26883678
26898919
26958461
26973768
26981315
26984873
26989131
26992007
26994153
27007456
27016476
27092735
27112517
27184028
27201659
27211569
27241388
27288342
27308503
27315561
27316723
27332023
27346275
27353164
27366443
27369454
27381881
27392886
27421648
27430325
27430743
27446541
27456519
27481450
27489241
27552280
27553032
27568367
27577437
27582480
27608572
27609666
27627718
27639392
27643306
27652477
27675619
27705472
27770051
27795703
27832013
27832381
27837271
27840941
27897138
27941183
27942438
27949557
27968272
27973700
27979848
28038554
28044900
28060170
28073679
28080486
28093067
28099300
28174542
28195152
28223924
28342217
28378190
28386464
28398948
28446550
28459654
28464322
28465483
28470030
28489395
28529831
28556596
28599758
28613332
28668091
28686796
28723927
28726826
28774565
28812984
28814097
28856300
28886578
28926179
28946604
29038657
29057923
29066246
29129880
29147641
29157137
29158455
29160901
29176133
29226742
29239875
29271175
29279291
29295397
29295683
29313929
29350859
29389348
29411203
29424096
29427387
29432775
29444443
29450615
29473236
29503124
29564476
29594063
29631959
29663555
29665262
29729053
29733668
29743968
29748209
29763501
29799224
29817672
29861178
29899683
29905345
29941107
29947659
29953850
30035109
30062578
30151406
30203710
30231082
30244209
30249313
30271289
30308788
30322515
30327978
30349030
30355196
30359727
30386268
30391124
30402302
30420647
30425851
30432526
30434024
30478797
30485542
30494126
30502669
30511416
30511934
30512121
30517150
30518099
30563138
30569184
30603218
30648677
30665622
30670722
30727508
30732374
30732856
30741937
30777520
30795853
30811971
30816519
30833650
30845269
30878196
30896261
30920955
31012567
31022019
31025804
31096918
31100391
31110906
31120834
31138471
31152266
31202553
31232487
31239421
31242169
31253604
31263179
31263902
31293468
31305644
31308104
31311784
31324643
31328675
31333273
31361228
31387732
31396403
31397126
31406587
31429280
31455837
31470978
31477172
31508029
31516208
31551025
31559061
31562534
31567540
31571077
31600545
31615276
31639528
31648388
31650058
31653958
31700537
31703599
31704475
31709233
31714619
31714674
31761559
31807329
31895875
31944991
31960694
31973839
31974849
32019737
32086395
32112633
32129809
32146935
32153559
32184361
32186745
32206202
32225881
32229616
32233560
32240713
32275450
32280444
32281286
32285758
32298557
32304999
32318403
32330533
32341804
32356029
32405151
32405707
32407113
32410257
32412759
32467343
32497301
32525516
32528958
32588759
32598895
32610742
32611450
32619936
32637597
32656034
32708723
32714712
32726242
32726431
32882163
32888547
32961184
32988124
33062592
33078633
33111550
33154121
33157955
33163322
33179249
33183932
33186379
33207075
33214141
33226971
33255846
33293150
33297291
33305234
33307499
33311955
33378562
33392257
33428848
33444353
33474984
33489574
33490855
33509909
33515611
33536353
33554107
33603447
33683635
33735752
33739817
33791657
33877453
33920579
33978714
34021761
34098323
34131347
34186885
34247350
34313894
34348236
34353765
34373810
34410411
34454913
34537768
34542245
34592175
34592980
34619251
34630574
34638364
34641642
34674283
34703205
34757343
34762784
34865382
34942590
34965599
34967509
35004858
35010071
35019382
35087233
35104815
35187986
35191097
35211951
35221669
35247002
35263260
35292367
35317527
35387011
35579347
35584274
35604532
35615960
35620728
35635635
35737714
35816900
35838176
35880613
35887267
35898573
35919640
35936998
36001560
36025018
36119799
36389377
36452293
36462913
36468304
36475095
36482351
36580435
36601532
36649593
36700618
36731832
36735529
36759813
36815279
36830566
36851911
36935935
36952139
37035708
37042524
37056030
37062208
37076906
37101975
37214386
37257259
37257783
37265143
37277008
37325565
37356829
37530209
37599234
37657107
37690639
37698596
37700688
37787748
37805857
37834788
37863006
37906535
37916821
38004158
38102389
38136399
38138777
38144084
38181378
38205023
38215367
38218807
38229590
38271728
38287540
38289606
38303987
38348297
38386024
38450168
38484484
38494863
38514796
38555216
38592028
38613084
38676165
38707304
38770175
38786871
38851483
38966520
38971361
39038154
39064266
39091151
39118083
39137736
39160585
39217815
39315117
39383345
39411402
39427992
39428820
39443649
39453674
39610461
39613642
39664989
39677692
39752093
39773242
39794374
39798313
39800502
39802448
39824640
39837434
39838454
39851108
39855603
39900559
39944638
39952213
39952524
40099381
40127980
40253663
40386267
40427193
40458890
40504865
40508034
40525045
40553904
40599083
40604952
40644740
40687909
40716588
40800278
40872080
40878733
40932319
40967340
40973163
40976821
40985756
41018934
41058729
41081836
41096947
41108871
41120599
41124785
41131171
41201787
41227456
41309434
41346184
41351902
41432218
41456813
41468696
41526795
41559641
41613167
41616211
41623489
41673115
41687401
41700965
41703442
41706614
41714701
41743352
41815633
41918362
41950217
41954435
42012280
42063925
42178699
42229191
42248006
42265463
42367737
42440975
42445854
42520831
42593781
42600337
42815426
42854856
42939452
42965707
43031988
43052254
43136272
43181352
43242669
43254741
43310011
43326309
43329471
43355300
43437459
43440463
43451514
43459925
43481782
43594283
43596559
43621057
43631247
43680088
43691629
43694608
43695672
43703864
43709338
43796621
43805472
43805709
43856363
44020215
44032478
44143556
44144626
44144963
44160516
44226016
44271673
44277808
44299511
44314564
44386212
44453324
44503691
44520853
44553196
44623568
44628376
44640725
44752585
44797915
44891333
44927352
44955043
44957193
44965847
44969905
44972284
44972915
45050704
45062416
45077211
45082961
45103315
45176313
45182663
45203329
45246081
45290018
45360318
45418268
45448239
45457592
45476331
45478921
45487276
45530068
45642103
45650596
45670051
45679515
45739878
45750310
45769233
45871252
45881860
45956414
45978431
45993918
46053438
46280611
46282256
46310489
46320522
46437330
46452861
46457242
46495590
46610985
46613865
46715294
46787105
46805954
46874031
46906884
46961510
46977236
47045624
47120609
47261452
47262211
47314142
47327778
47357668
47392510
47437707
47460339
47615980
47653228
47834614
47835891
47898477
47951321
48038249
48053485
48065567
48390497
48405620
48424059
48450772
48507293
48516295
48526332
48536510
48537084
48578706
48588524
48695645
48718588
48730242
48738376
48818719
48824070
48831108
48862714
48903048
48915263
49039083
49045428
49056738
49086287
49217686
49237504
49260204
49388240
49592647
49634485
49639384
49652823
49684703
49686564
49768965
49788263
49817661
49884217
49901094
49905583
49915771
50048087
50081175
50160674
50166128
50167439
50200596
50239869
50291347
50339530
50421684
50452492
50465194
50484763
50507640
50561193
50627408
50687121
50713456
50755067
50762525
50877082
50891226
50914371
50947282
50984087
51009170
51024653
51048322
51063637
51086222
51090766
51196832
51324475
51347045
51378097
51419743
51530071
51530807
51540131
51545841
51652991
51656324
51661551
51664268
51700914
51731198
51739592
51742123
51754028
51759152
51801940
51862906
51864108
51897570
51962104
52054842
52128695
52131431
52174802
52188303
52211693
52216920
52252550
52284822
52357971
52419131
52563245
52564533
52567631
52604928
52645056
52659388
52706477
52756789
52764472
52807283
52858026
52878972
52936111
52966459
52968101
53015097
53015174
53018352
53022657
53044556
53161703
53179529
53210448
53285488
53337695
53420329
53443275
53447146
53453241
53528036
53631717
53663284
53687989
53798378
53817065
53821135
53869778
53946918
54061583
54065868
54072034
54086019
54107339
54107430
54168273
54275964
54281347
54297113
54401712
54406188
54446629
54450849
54525783
54677148
54723622
54731093
54743280
54758190
54783582
54786206
54877574
54881905
54932152
54991100
55034492
55118371
55122243
55127044
55192570
55204381
55237523
55250120
55267746
55281925
55285078
55292102
55309931
55431338
55454631
55502058
55502250
55518134
55536461
55549842
55653381
55659479
55676671
55701741
55793655
55873338
55883038
55919151
56009537
56027820
56050033
56115080
56116666
56123240
56231806
56321283
56326561
56329477
56349745
56369162
56379690
56397673
56516141
56526266
56538458
56554215
56570189
56581643
56593280
56716788
56779183
56875863
56882164
57010120
57043494
57128321
57252785
57318228
57359112
57397884
57436640
57439301
57461309
57570797
57652239
57705489
57706602
57752975
57820610
57844512
57849258
57850709
57885234
57902542
57908385
58004053
58131168
58142011
58158917
58201248
58223739
58241200
58285777
58335243
58391906
58392054
58484311
58495394
58576722
58590801
58628992
58632253
58638599
58721457
58737945
58738658
58788774
58829087
58870173
58891975
58899803
58949053
58967088
58975248
59064873
59066476
59081560
59123427
59124449
59175670
59184317
59191131
59205281
59228927
59359074
59415826
59421253
59437552
59444196
59554717
59616831
59685443
59722168
59758551
59771122
59846405
59951666
59954379
59968828
59998590
60152747
60217705
60230665
60304358
60321923
60408939
60422294
60542952
60557896
60594623
60647793
60660124
60739427
60995805
61048026
61051559
61149692
61177952
61261729
61589273
61591442
61784346
61827338
61894091
61902044
62039023
62051226
62214139
62227421
62262917
62311457
62311933
62430424
62469784
62507851
62633991
62676069
62682536
62736984
62747479
62828166
62839365
62924062
62930161
63160107
63211219
63239477
63275445
63317763
63357649
63412325
63499582
63537161
63538049
63542573
63674339
63683854
63689243
63697578
63725669
63735997
63752363
63815699
64058059
64114477
64182016
64337659
64368158
64397632
64428922
64472161
64535772
64537700
64666792
64737141
64903434
64957611
64994559
65066019
65147212
65200642
65284954
65336495
65446120
65471146
65499113
65524807
65689088
65764574
65844130
65927467
65954104
65984896
66067917
66177858
66232647
66278417
66342859
66389769
66390536
66502718
66576805
66639583
66652141
66715386
66944496
67093895
67101935
67320122
67343643
67427206
67441863
67553639
67585133
67609915
67679739
67860834
67885729
67962349
68110870
68333025
68352787
68379867
68469651
68507227
68592666
68633547
68658821
68702626
68749130
68867832
68940519
68954742
68981426
69016655
69105384
69361022
69479888
69673718
69684059
69847170
69859792
69926330
69960954
70048692
70089063
70123677
70336571
70425293
70474615
70681457
70715353
70807648
70899207
70909108
70988601
71021346
71035858
71070603
71085614
71136359
71195783
71229395
71371578
71425743
71443344
71452452
71617676
71670863
71948624
72120002
72303403
72440200
72483996
72494784
72568906
72633258
72715787
72748196
72843815
72911421
72961339
73076266
73114977
73209575
73226509
73248915
73287890
73310046
73600108
73940313
73942617
74056743
74065821
74099185
74147893
74246947
74410261
74560539
74584956
74679483
74830184
74835710
74925535
74966865
74984576
75016383
75126597
75159894
75177259
75202737
75216352
75320604
75365491
75375223
75461440
75518835
75619895
75631633
75633873
75843774
75914462
75955077
75968753
76032959
76149079
76164757
76321042
76350634
76377237
76699894
76737423
77106844
77196704
77466823
77500620
77559746
77566191
77589912
77635369
77735113
77984874
78344229
78612157
78722800
79225721
79267869
79380737
79393521
79403011
79629804
79741492
79988184
80094797
80105745
80201070
80324645
80329441
80354730
80357464
80411272
80498071
80521759
80694647
80800494
80802647
80803496
80840059
80987182
81046488
81067934
81090056
81099302
81104648
81120663
81159049
81179164
81273323
81285723
81310109
81507980
81517107
81546865
81591583
81756378
81761827
81935912
81982322
82101903
82152374
82162665
82222977
82225930
82286475
82340574
82379568
82440613
82445810
82485265
82500034
82571667
82582613
82644141
82655069
82741872
82778963
82889215
82903787
82938331
83163152
83172466
83332469
83364314
83469655
83517957
83538081
83673423
83680551
83718745
83800028
83819656
83844197
83855968
83901476
83903318
83909806
83933278
83953673
83959059
84006746
84056463
84096474
84097548
84186060
84255912
84353150
84366779
84450384
84467705
84493908
84575294
84636238
84695695
85005503
85018219
85132069
85139529
85196971
85205940
85217573
85347769
85426579
85591692
85631941
85689356
85693376
85734847
85784392
85874002
86060439
86141254
86180769
86184356
86199013
86318122
86417660
86891165
86970080
87021742
87154650
87223619
87332728
87425684
87508612
87526253
87724360
87745251
87834677
87900015
87970094
88034070
88093569
88118847
88177054
88211223
88222251
88281319
88288926
88450205
88515693
88518596
88807487
89098879
89120495
89126091
89393036
89604903
89650642
89737253
89746259
89779020
89907153
89932231
90272601
90277554
90286254
90322640
90493764
90517737
90563349
90572550
90584284
90586355
90660775
90698046
90869215
90930521
91254568
91286424
91304804
91390359
91424885
91472304
91510112
91521193
91577307
91670664
91685062
91770461
91933881
92023441
92037406
92097652
92141131
92193831
92288628
92288753
92306263
92314536
92360929
92404008
92470962
92479795
92485302
92678102
92759339
92923022
92948789
93158491
93193118
93218059
93250118
93299181
93312014
93683688
93742387
93848139
93863216
94125569
94165998
94231449
94573188
94870144
94875649
94989348
95144438
95161518
95254577
95849732
96079541
96274573
96285475
96372129
96399370
96448061
96508942
96529604
96674620
96687309
96695854
96716084
96832199
96834291
96990157
97163731
97168600
97179122
97207577
97289585
97386775
97421443
97446137
97453337
97567260
97581697
97723423
97830020
97858571
98001708
98141605
98242413
98280361
98485826
98491434
98559163
98646367
98695980
98758665
98819501
98840779
98972369
99034851
99114867
99188602
99248703
99310364
99346130
99351420
99460330
99551842
99773197
99783831
99798763
99971847
99986867
100036056
100199716
100314369
100447840
100469622
100491138
100562561
100576253
100630936
100788070
100862387
100886683
101030002
101071322
101112039
101187790
101232056
101349749
101364717
101400516
101460570
101522872
101570493
101660620
101917003
101960805
102165812
102180953
102196774
102200117
102215953
102336990
102356542
102399798
102419047
102488682
102520485
102629847
102823274
103201238
103224048
103269022
103280491
103396223
103665839
103685499
103813123
103886300
103967079
104002867
104007006
104040715
104172657
104409102
104422721
104519498
104696781
104977758
104989007
105127332
105347424
105441451
105964026
106018972
106094868
106139589
106165352
106247218
106409157
106582269
106846808
107152292
107473902
108081344
108108948
108129528
108153026
108255611
108327581
108397201
108468108
108670332
109037478
109037945
109062132
109244335
109345008
109412129
109535822
109539289
109554102
109869069
110097601
110126899
110197339
110381029
110421421
110590210
110801143
110905114
110914074
111238509
111469006
111884262
112191807
112193504
112201649
112404649
112610705
112612409
112859276
112862864
113136248
113190938
113317518
113361884
113702412
113791368
113827451
113946371
114211218
114242702
114266086
114516114
114619182
114700525
114920605
114986078
115026665
115438924
115715777
115935445
116067224
116129228
116229068
116233110
117166367
117194177
117273720
117460221
117472504
117527355
117699441
117706253
117945790
118018525
118450217
118929800
119084760
119178133
119199475
119258206
119281589
119697524
119866844
120103601
120280406
120413187
120468753
120767015
121198457
121362081
121578786
121604451
121679389
121725051
121749735
121987096
122207107
122230240
122234043
122245107
122494418
122709362
122711686
122742914
122910719
123168388
123479383
123584836
123598567
123610771
123704328
123768055
124141113
124285466
124423762
124593248
124866399
125029438
125102541
125152558
125157145
125475301
125588243
125672814
125930201
126222156
126242724
126264801
126365548
126682906
126774886
126825341
127102127
127444079
127796893
127884036
128018893
128034280
128109220
128162985
129083206
129359059
129370199
129525621
130252052
130297235
130332901
130637506
130867425
131019538
131467461
131854114
131892804
132191268
132192860
132264905
132303890
132371344
132451161
132559271
132591065
132602514
132776526
132786819
132796124
132904534
132951879
133038710
133045951
133099661
133184641
133220460
133238146
133286708
133339913
133342436
133434807
133469455
133493856
133513996
133587711
133679965
133731746
133822147
133840925
133857374
133890411
133962242
134015528
134050670
134067748
134070396
134302546
134413462
134459638
134635067
134635470
134678982
134761298
134783265
134820690
134849038
134887836
135010068
135013826
135158779
135227510
135376546
135402814
135654620
135670110
135751927
135786952
135813089
135832014
135859386
135925907
135936594
136007707
136043978
136047129
136082601
136085790
136123148
136134001
136150363
136224194
136305409
136408113
136513323
136517406
136534195
136557675
136569739
136650947
136660296
136703751
136787817
137012353
137048229
137171225
137177488
137211704
137343188
137345549
137398152
137492828
137664427
137693494
137697051
137702084
137722332
137735312
137735703
137776423
137804620
137881505
137977287
138065447
138164104
138238729
138249491
138295212
138338280
138358598
138398369
138571996
138646031
138692028
138739139
138786253
138789257
138822376
138844336
138851820
138893193
139064684
139107809
139221046
139222696
139250788
139292506
139350087
139356649
139381683
139418017
139426715
139432650
139434129
139535053
139542393
139547418
139603715
139652254
139719285
139955150
139975292
140011294
140031513
140034526
140121060
140190647
140198719
140208918
140497157
140557099
140564010
140593875
140623917
140671281
140866017
140979652
141060380
141209028
141244995
141312426
141411563
141433518
141457426
141510905
141682429
141737347
141853638
142004421
142072697
142338987
142430356
142488979
142619279
142760576
142786409
142826792
142892403
143230179
143235730
143300314
143308720
143394711
143508461
143522861
143578823
143603568
143603901
143605921
143966479
144154161
144247119
144277243
144365811
144392670
144486635
144641335
144760513
144785419
144798585
144837312
144886972
144908006
144933344
145049182
145319733
145321273
145396380
145692330
145724133
145750927
146010178
146633763
146644333
146889459
146907813
147113975
147400503
147679357
147780701
147850070
147971421
148002518
148296033
148398452
148509056
148549787
148708880
148715893
148876273
149531997
150007898
150082548
150090218
150463818
150537705
150537796
150735847
150814297
151101895
151361856
151391219
151455815
151521150
151566824
151583706
151667215
151670059
151788582
151789889
151992387
152070883
152128167
152150285
152151447
152453457
152885723
152933792
152950084
152970192
153171172
153191987
153217481
153244221
153313028
153357924
153376199
153440676
153443226
153450752
153596372
153843829
153978872
154142464
154253210
154402664
154499691
154601831
154623119
154631520
154634251
154801166
155017939
155039559
155106516
155227435
155384014
155571235
155704296
155786742
155846016
155875973
155882011
156221365
156252659
156263561
156525511
156602321
156603925
156606014
156681437
156682040
156701081
156818980
156832824
156853005
156911101
157129684
157171589
157342471
157508666
157576932
157618212
157788209
157913981
158034817
158064192
158234112
158236116
158518997
158878544
159140997
159481298
159542620
159556507
159562160
159640368
159677586
159683183
160054615
160096543
160221831
160674563
160677052
161410878
161494750
161508179
161539019
161564224
161659357
161660112
161677293
161765498
162102501
162168558
162293989
162297151
162586131
162611614
162641577
162901545
162922969
163002666
163040701
163042388
163145276
163339781
163452912
163629296
163687132
164172419
164331500
164336590
164371432
164879886
164882429
164956177
164957624
164963553
164987011
165067530
165191348
165223788
165769481
165772342
166079983
166103630
166130277
166232759
166251535
166324081
167223097
167296241
167467893
167650276
167696995
167706684
167754861
167788801
167855142
167937161
167994453
168203514
168529872
168771393
168821708
168841721
169140730
169250603
169575503
169576824
169809859
169931736
170125151
170150846
170185233
170230751
170251783
170357160
170366907
170426320
170627109
170888503
170921136
171114665
171119493
171293086
171362495
171534001
171628125
171952777
171964349
172158106
172208210
172281042
172311505
172514710
172569889
172743035
172917656
173009697
173115440
173142291
173217826
173357294
173509073
173539461
173678357
173728520
173759769
173776332
173890273
174037601
174198087
174416258
174565974
175163118
175213613
175229227
175286525
175583741
175599787
175737004
175861559
175965443
175965569
175993391
176117695
176324692
176438614
176522873
176534347
176652678
176917262
176969245
177150058
177258202
177303410
177333827
177591918
177719045
177730822
177737146
177756589
177883075
177889946
177901397
177950666
178038462
178178146
178204077
178486544
178611243
178672694
178688286
178693122
178772931
178938906
179167880
179363288
179484430
180098077
180119140
180123351
180309566
180322940
180391967
180421736
180672150
180891340
181130581
181518723
181625844
181691391
181730345
181769095
181793057
181796009
181857772
181888006
181913303
182112305
182343955
182369744
182522002
182546080
182551792
182668014
182965537
183069005
183121575
183174250
183306352
183747312
183805096
183806973
183900788
183922933
184186946
184443593
184489861
184577511
184921126
185044283
185070905
185247184
185437792
185455169
185571798
185650080
185674556
185912554
185920931
185934406
186530171
186593928
186628196
186840432
186848036
186867084
187069005
187244325
187306521
187351409
187682872
187896508
187974622
188032254
188124560
188136435
188278002
188303674
188539626
188775510
188808041
188977404
189105404
189147659
189147851
189453787
189527293
189870951
189884046
189915010
190129116
190231339
190456154
190558293
190597037
190757310
190948820
191021377
191043994
191161417
191292208
191728362
192033913
192195510
192348781
192744716
192885239
193020183
193077853
193141262
193311466
193334118
193354138
193605019
193938959
193953936
194007489
194254911
194273076
194415499
194672272
195054116
195125334
195131303
195399418
195668025
195676402
195752575
195770643
195814897
196364505
196479768
196488917
196701046
196967047
197173962
197240942
197314288
197886633
198023574
198027313
198140787
198142268
198726195
198832239
198922692
199279499
199282866
199406792
199537575
199690440
199830236
199928636
200021772
200067971
200284337
200672675
200870345
201225886
201637484
201643932
201715977
201770616
201893672
202203389
202241501
202327898
202370775
202642929
202751095
202776263
202897890
202973363
203898051
204813895
204863055
204985306
205415769
205416831
205499543
205541335
205663549
205874559
205891795
206244109
206259449
206310724
206333490
206397748
206414082
206504263
206789103
206961327
206982709
206987287
207324219
207515752
207651672
207676871
207949026
208062819
208161706
208526268
208570553
208696853
208804638
209312658
209369200
209394262
209557174
209649929
209794983
209816593
209864649
209930035
209988782
210374586
210581403
210621993
210827808
210870979
211025474
211031540
211081854
211163302
211304206
211425265
211584092
211787393
211788454
211795408
212050387
212105888
212139669
212156858
212174474
213026635
213042610
213168059
213432799
214152681
214383484
214676605
214763959
214860340
215057315
215140075
215473102
216308867
216488530
216687802
216727850
216734527
217062874
217517991
218291625
218341887
218583328
218684460
219106392
219507510
219594367
219716951
219796234
220291513
220390729
220587041
220731561
220888472
220907949
221171815
221359013
221445021
221556450
221759320
222060283
222192369
222221773
222371816
222565658
222572528
222621350
222988933
223169233
223446654
223448184
223749241
223796515
224136027
224204234
224597860
224840451
224885861
224930718
224958601
225106960
225393269
225788665
225871285
226085601
226199367
226221556
226480497
226818761
227111257
227691572
227857400
228087622
228172787
228466453
228537096
228576831
228775710
229021320
229246880
229268233
229426931
229776712
230638512
230699436
231131252
231320691
231639218
231641881
231722421
231836380
232189477
232687831
232975111
233049634
233317325
233473923
233706417
233825130
234902391
235022841
235197217
235455833
235746757
235784850
236186815
236332563
236886484
237660483
238575978
238696549
239010893
239161363
239164202
239218423
239228681
239535931
239672501
239724658
239844509
239975038
240167944
241469750
241513740
241819492
241891757
242064738
242858940
242882971
243098265
243269217
243629307
244119043
244310735
244638613
245292796
245531645
245785414
246140467
246568684
247072680
247286672
247574583
247736563
247963625
248025505
248477867
248931052
248996482
249536320
250566649
251621482
251975564
252210821
252395131
252450142
252693967
252869503
253975058
254278645
254385593
254613492
254673329
255104489
255856485
256244306
256290666
256414785
256532925
256857264
257012491
258509464
258521140
258546393
258715761
258827952
260184340
260338006
260967872
261315581
261733036
261783809
261894267
262134422
262351927
262745745
263103037
263262009
263520137
264098190
265179290
265587956
266157608
267157668
267301431
267474369
268073623
268171296
269399336
269957442
270400160
271239034
272751532
272837240
273385430
274418297
274506964
274930839
278066296
279627904
