1317713
3529036
5782810
7424760
7755103
7875738
9288154
9414277
12952999
13322242
13832910
15145388
15861530
17566378
18263965
19391379
19522681
21869795
27132163
31344794
1889562
2249893
2674120
2785216
2921352
2992208
3546959
3699953
3867866
3995547
4078196
4230153
4640590
5784726
5967591
6045697
6242467
6264200
6409624
6416547
6703317
7480358
7491359
7585731
7609127
7892798
8403056
8430244
8896917
9161534
9504782
9543660
9632154
9796061
493127
1487293
2250725
3843107
4320730
5067812
5215107
5246757
5529662
5690065
5752793
5901794
5934651
6732565
7229921
8436870
8519950
10386706
10898278
11743270
14221551
15106082
15132549
15415576
15843686
16220845
16588925
16805595
17387561
17714440
18204583
18731005
18931815
19288371
19402493
21544408
1109428
1989420
4693113
8561731
11014739
11564067
13503619
16345980
17856497
18129592
5215477
5843077
6912716
7160017
11430604
835596
945762
1382799
1721082
2259657
2501528
3147738
3596268
3682172
3962045
4881484
5062933
5112095
5356965
5601692
5716449
5781934
5817407
5896732
5902131
5937020
6291068
6534302
6592433
6779590
6810461
6864252
6871353
7117994
7232383
7300578
7412004
7491058
7492193
7504882
545924
2451793
2616830
2737132
3954743
3974973
4103912
4275408
4485473
4678547
4716790
4725935
4873173
5198239
5472774
5670594
5692852
5784287
5895156
5966618
5699269
6655199
6858234
8227565
11661563
11765967
11818321
14433401
14671998
15525321
1634223
4912807
5369845
5972796
6317206
6375821
6500330
6721012
7326715
7469715
7804678
8183534
8346379
8568399
9030356
9183723
9926974
10150713
11244646
11398023
11406614
11774511
11877715
12055831
12359005
12381011
13101421
13141929
13610920
15226896
16067827
16810856
17052316
18235862
2870657
5289395
9245403
11463660
624789
1127670
1299930
1386176
1724760
1876381
2952534
3503249
3543225
4388925
4389332
4566280
4573913
4605644
4755930
4824939
5279302
5339436
5362359
5734306
5804137
6127511
6161578
6784556
6919371
7062589
7168740
7406824
7439796
7668222
8136084
8146112
8286152
8293016
8519307
8766119
10031103
2614811
6137917
2758378
3602535
4885153
5256919
6506833
7431010
7649450
8839559
9033021
9483423
10091171
10833831
11402278
11902446
12219585
12502043
13185932
13211381
13707249
808948
1911342
2267894
2345977
2591007
2757424
3204825
3508724
3629921
3702247
3983187
4146072
4146842
4186349
4597748
4874816
5265769
5376311
5666553
5806463
5821871
5850522
6097261
6373145
6586314
6711873
7059218
508591
1206579
1425766
2291993
2344098
2366049
2797537
2817330
2996307
3223470
3298315
3498779
3522541
584004
1090830
1105057
1444971
2054152
2246251
2306060
2770295
3062772
4058097
4069361
4104019
4184938
2799903
2870975
3564759
3595383
3772147
3837111
4575989
4626229
5827402
5852225
5915064
6060373
3592050
6050466
7138505
7938225
6830576
7507814
3694454
6519144
6669897
8276728
6811983
9410327
8999030
10250731
17377015
18160143
20402226
14305485
13592104
